# seed: 1850341947
25
44 0
3 85 25
19 5 80 27
79 33 79 83 51
87 95 67 36 16 99
98 78 40 43 25 35 73
32 44 77 80 35 94 3 90
71 49 68 36 68 4 12 52 54
36 39 51 50 63 84 15 63 74 83
6 46 86 7 58 64 92 16 80 64 78
57 4 86 29 54 66 31 42 80 99 35 22
33 19 18 45 44 11 38 47 55 21 57 25 81
23 39 52 62 69 96 97 32 87 94 17 56 27 52
3 8 65 30 80 69 55 37 23 76 20 40 50 85 96
2 30 79 62 35 94 41 37 81 51 55 85 46 56 16 22
29 61 74 6 59 2 11 79 93 94 65 36 12 75 10 84 84
53 55 3 89 98 55 98 52 44 3 53 3 95 28 16 29 71 93
10 37 37 59 14 77 74 91 17 50 40 43 2 11 10 69 4 80 81
17 57 46 28 10 80 4 97 9 65 29 76 7 73 61 57 24 58 49 71
8 22 88 48 78 35 36 85 32 3 78 90 91 65 10 52 40 88 55 58 47
37 31 38 60 28 34 21 40 93 74 46 19 35 40 69 92 62 21 6 32 55 84
18 77 40 60 42 47 91 25 16 18 43 1 47 32 39 81 10 53 52 38 49 45 29
26 63 77 22 52 22 50 24 49 69 71 68 84 95 86 76 17 4 82 25 89 53 84 52
18 35 9 42 15 97 52 67 4 55 77 98 24 15 85 63 74 26 9 22 2 3 30 72 81
65 59 49 89 71 28 65 1 45 46 89 96 71 15 9 60 69 36 19 53 6 26 55 95 93 10
74 2 79 61 54 54 0 77 56 92 33 2 41 25 39 5 83 17 13 27 39 30 64 65 21 31 87
0 80 24 95 0 52 89 33 7 2 55 36 0 21 7 86 33 40 62 34 78 1 66 44 31 50 92 12
70 43 18 23 27 54 16 12 57 55 70 79 99 68 46 14 67 62 80 96 90 71 10 41 41 83 75 73 8
57 84 94 50 30 31 88 52 50 71 51 71 20 0 7 77 37 48 1 40 65 8 58 23 20 47 85 62 68 88
26 61 16 94 50 88 15 60 11 46 63 47 76 76 79 49 79 74 60 84 91 81 3 76 92 64 38 78 45 96 58
82 77 46 64 83 99 85 51 99 97 90 77 86 17 1 72 45 49 49 13 12 48 7 28 59 70 36 34 26 90 21 19
96 92 56 20 67 66 90 45 23 84 47 97 37 23 38 66 90 39 18 41 85 13 23 95 21 4 43 26 4 68 80 32 66
25 94 8 46 14 81 68 20 50 49 38 87 69 39 63 33 55 34 70 74 38 63 82 86 78 61 61 12 2 40 56 28 82 5
88 27 0 47 27 86 1 25 48 1 32 72 17 91 11 25 11 96 98 48 63 70 52 63 79 73 52 47 13 18 25 44 65 55 83
44 67 34 63 50 59 15 35 1 93 7 22 41 33 3 17 18 43 70 82 97 13 80 8 99 25 96 61 47 50 90 48 36 84 82 30
77 48 80 68 38 34 61 27 28 10 86 28 81 46 49 80 26 53 73 63 73 73 59 54 11 43 75 78 51 57 28 96 45 74 77 3 59
82 33 28 30 60 50 51 12 67 26 46 62 85 7 75 5 65 82 31 91 85 23 14 32 52 31 39 79 85 62 13 47 27 43 44 94 6 83
37 9 71 27 80 82 61 71 88 71 56 52 26 92 75 33 96 77 43 55 65 33 14 50 9 52 86 16 47 36 5 96 11 70 46 15 54 81 12
53 57 3 8 27 74 57 41 66 35 16 99 36 29 78 11 70 0 64 11 6 56 73 71 34 52 21 84 55 92 95 90 84 87 77 75 87 39 91 47
18 39 83 55 54 10 83 42 2 66 68 53 15 61 4 23 73 33 92 37 1 99 21 91 85 61 81 46 2 28 16 98 1 5 56 77 34 10 11 67 5
2 8 81 50 13 66 1 16 5 37 52 59 73 22 79 12 32 30 96 13 71 35 73 98 61 20 63 42 48 71 77 12 24 72 99 83 84 82 22 64 81 78
10 87 11 43 19 28 75 2 11 17 63 17 12 50 82 79 66 68 48 61 19 14 97 64 51 10 6 44 57 25 12 12 63 55 14 91 70 94 83 7 17 57 96
76 88 72 56 45 74 59 61 36 84 73 33 8 49 51 11 81 46 22 75 63 31 2 88 79 37 65 19 86 71 25 82 48 64 73 29 78 11 71 73 49 65 11 39
72 32 47 15 0 21 68 98 95 10 60 22 50 42 75 40 60 21 77 49 52 52 25 82 50 64 40 67 87 40 84 68 8 38 49 58 94 87 47 35 56 27 58 29 96
91 70 94 27 27 5 17 76 60 83 50 17 30 7 51 71 40 49 87 59 9 20 68 42 3 62 53 5 63 94 27 22 51 26 56 32 36 5 22 37 69 57 30 99 65 30
97 36 1 30 69 59 69 14 45 84 61 54 38 48 22 58 46 47 55 20 46 83 33 34 12 50 22 76 61 47 77 27 9 6 96 95 53 6 92 11 65 57 78 10 38 71 19
57 44 91 38 84 13 24 2 83 20 39 23 55 12 83 14 77 83 78 28 47 52 6 4 89 8 28 33 0 23 80 56 83 79 71 64 66 61 75 83 4 36 57 12 68 86 1 87
40 47 43 41 59 65 1 19 13 55 98 14 25 10 29 71 52 33 23 81 57 53 23 16 13 5 84 58 55 21 38 61 32 9 45 32 74 61 84 86 48 0 70 13 72 33 71 85 28
76 65 14 58 94 62 84 14 99 98 40 2 69 39 52 89 77 1 87 45 79 27 28 29 44 60 31 31 8 35 62 7 2 20 45 80 35 6 20 83 90 22 42 35 31 66 55 12 76 23
40 4 52 86 96 72 91 97 75 27 50 23 65 58 37 53 21 48 29 53 80 13 35 29 13 6 90 96 40 60 4 85 63 15 28 5 89 45 94 96 69 12 44 40 84 56 92 78 51 46 87
93 71 98 64 45 84 97 83 85 65 24 78 70 54 1 34 32 72 12 83 78 66 69 49 57 97 25 63 34 89 97 98 51 59 12 38 53 71 34 98 64 3 14 58 83 39 3 46 94 53 45 3
70 57 83 22 28 65 81 93 66 50 99 41 63 62 62 98 26 63 93 70 75 46 54 88 10 89 24 21 9 31 69 87 96 42 5 14 4 15 36 80 89 2 89 13 65 33 16 34 87 66 36 55 29
21 34 37 43 69 9 51 59 44 67 33 93 53 16 2 64 85 82 27 0 18 74 9 45 48 90 8 93 18 37 39 41 38 11 19 84 9 82 91 74 6 50 19 21 19 4 73 22 21 60 14 34 69 68
6 55 34 45 86 83 15 76 43 57 79 30 67 48 87 42 46 4 54 28 63 54 3 96 48 8 92 44 61 47 7 16 95 59 57 80 78 53 7 83 49 55 49 2 78 8 47 70 23 98 48 13 95 66 25
21 31 40 46 68 88 64 28 25 85 73 63 50 30 64 60 0 33 12 43 7 18 66 71 34 63 8 3 23 93 85 49 11 61 40 38 71 83 89 65 12 96 20 93 81 92 99 25 87 6 29 87 97 97 54 57
1 77 6 44 43 55 42 72 38 74 69 2 61 21 36 77 73 7 94 58 56 18 27 39 93 69 72 51 48 45 58 20 56 58 36 99 18 19 61 61 33 47 47 80 83 88 31 8 19 26 17 64 95 98 47 28 2
89 78 64 24 72 85 65 79 5 58 40 47 35 75 97 56 48 74 25 83 0 22 51 43 94 74 77 3 79 99 30 94 63 66 78 6 24 88 38 17 19 52 31 70 18 35 70 89 92 70 80 27 71 7 68 73 63 37
14 78 56 68 85 56 19 82 9 8 15 1 45 87 11 93 75 23 11 42 42 66 24 42 47 74 54 81 26 36 0 59 87 22 27 69 39 81 99 25 44 68 68 68 42 93 34 99 57 98 92 78 28 8 87 72 84 99 1
57 90 97 38 66 19 10 75 59 22 32 98 71 80 97 66 20 91 98 80 96 93 44 4 22 29 66 93 39 76 73 56 81 26 8 40 10 16 82 4 65 73 95 54 31 5 60 39 37 62 7 84 94 19 27 27 84 68 29 40
58 3 33 75 1 57 32 3 41 56 70 90 48 53 23 59 50 23 83 74 80 74 88 66 63 99 65 37 96 69 1 77 58 25 24 18 0 91 30 30 2 28 10 68 62 4 11 82 97 85 91 90 88 83 80 23 28 4 37 69 74
24 69 23 68 9 83 26 54 56 22 50 29 64 35 68 78 44 29 39 74 1 81 81 41 30 16 47 45 83 59 73 75 2 14 35 94 76 16 13 64 73 55 2 61 91 7 53 37 61 38 53 98 45 88 54 64 70 96 53 86 32 83
60 31 37 99 56 65 46 1 48 69 81 14 55 0 42 80 23 5 73 33 37 89 17 44 73 85 55 67 37 95 67 13 54 24 40 6 48 65 43 17 52 29 21 6 56 36 81 41 78 46 26 7 22 71 39 17 6 58 74 14 36 76 47
62 27 93 44 41 79 14 2 1 31 21 79 24 66 26 88 46 34 99 23 40 20 32 90 11 52 77 9 0 70 25 49 89 95 75 75 56 10 68 93 31 30 1 97 16 65 26 23 36 43 8 48 4 29 16 1 26 77 54 91 63 82 17 33
9 94 96 96 73 17 94 38 92 14 83 22 70 32 92 17 25 85 54 50 14 58 6 33 95 56 92 37 25 29 30 23 32 12 16 47 21 31 74 46 9 29 34 51 33 35 72 19 42 8 60 20 30 54 32 41 13 93 23 44 38 42 6 75 2
62 45 37 47 20 39 92 25 89 87 31 90 7 14 73 92 73 82 70 98 6 40 59 64 48 96 93 71 6 79 0 25 46 74 89 73 5 8 18 84 84 72 94 0 96 94 27 6 14 61 53 4 93 84 97 28 21 58 68 56 17 19 91 14 29 92
91 72 54 90 30 10 28 60 16 69 53 68 81 72 4 53 99 73 9 6 48 89 68 58 51 89 69 3 96 10 95 41 3 12 38 70 49 3 64 28 62 26 39 71 90 6 35 76 86 60 26 11 0 67 70 91 52 85 77 51 39 56 0 69 62 0 25
6 27 76 19 31 82 82 81 89 27 49 87 41 6 50 57 87 13 63 5 5 94 93 83 71 91 68 33 87 39 49 37 31 15 43 63 6 15 87 23 60 8 3 29 97 49 11 81 86 14 15 18 53 69 20 55 51 57 2 96 47 6 42 31 89 91 66 67
80 50 78 63 25 33 50 7 2 77 18 23 84 84 73 9 54 42 91 50 95 34 22 62 85 4 32 66 92 81 12 58 45 9 78 94 37 41 49 10 59 25 28 19 33 23 96 90 64 88 94 32 38 99 0 60 51 3 79 71 15 66 33 46 14 27 72 11 70
21 84 31 97 6 45 96 53 75 40 94 40 87 52 68 34 23 81 0 74 41 59 65 0 49 41 22 18 88 44 11 97 97 15 28 43 99 84 74 59 88 50 59 66 63 78 94 5 56 80 60 28 42 43 70 2 88 92 34 54 97 90 9 22 57 50 71 94 80 54
75 29 25 16 78 29 25 4 91 25 43 32 10 52 93 24 26 36 73 15 53 57 73 97 47 65 68 69 14 97 97 2 72 57 63 4 0 1 92 58 19 4 56 87 80 47 33 65 58 47 13 1 93 83 84 85 65 5 88 57 7 60 83 58 91 1 38 92 59 74 28
91 5 59 19 1 20 8 41 3 33 96 88 81 77 21 74 24 84 32 39 89 32 80 56 20 84 63 86 26 8 2 70 71 94 42 76 68 72 47 66 74 76 73 89 37 17 2 60 64 24 57 62 93 27 92 19 52 34 8 66 89 80 38 1 28 21 97 26 13 70 97 82
37 71 55 46 17 37 47 21 86 44 31 52 5 54 57 41 19 18 76 56 34 89 48 21 0 15 28 50 17 40 2 32 73 29 6 65 3 45 7 77 21 84 63 47 33 75 42 88 77 31 31 54 83 77 91 66 43 31 51 24 91 52 44 72 34 86 38 75 48 69 46 37 90
57 2 85 41 37 11 35 18 14 93 4 46 46 44 29 87 2 46 11 51 64 50 79 63 15 23 87 81 81 17 3 49 95 78 67 30 63 5 30 41 59 18 4 53 26 2 65 10 12 44 29 89 3 45 56 73 72 45 95 53 85 76 90 73 13 44 97 39 67 19 86 15 1 58
4 86 92 45 2 4 15 31 84 29 57 27 95 40 56 67 89 4 90 85 35 91 52 28 7 91 0 34 29 43 0 12 58 4 7 58 5 11 62 61 37 4 97 91 85 43 52 95 86 6 6 66 4 99 11 46 28 12 70 85 21 67 57 18 7 59 21 0 20 45 91 12 44 96 61
74 36 47 43 79 2 43 78 39 8 28 51 66 5 2 21 97 34 36 67 82 74 40 85 84 33 42 90 78 20 51 16 3 38 12 94 41 89 51 74 7 79 55 31 31 22 59 72 40 67 9 7 97 30 21 86 9 16 8 32 16 83 28 82 55 47 97 8 75 22 55 22 22 17 3 24
43 47 24 49 17 88 72 53 40 78 92 42 40 20 5 13 42 11 39 35 29 49 43 66 74 2 22 15 61 79 34 65 48 95 30 91 9 89 90 52 77 15 35 4 0 16 73 76 92 93 0 71 25 54 50 79 46 57 40 87 19 80 90 71 88 87 0 50 11 14 26 13 41 85 80 36 61
95 85 78 26 36 19 2 44 61 93 72 71 3 37 23 20 25 63 5 45 44 18 22 28 88 85 91 52 47 14 50 48 90 17 6 28 14 21 12 77 63 61 33 29 55 61 4 1 68 90 8 9 7 8 7 94 78 87 46 26 11 70 10 80 67 21 28 86 25 45 45 81 23 98 45 20 63 4
0 93 59 95 59 90 31 10 45 80 13 8 24 26 87 10 40 81 57 0 42 99 90 58 45 91 77 27 80 28 81 39 29 45 85 70 31 93 18 16 60 47 59 99 62 50 68 0 20 92 80 3 9 37 17 90 92 11 73 53 39 92 6 88 5 40 67 14 56 6 22 87 52 2 34 80 99 49 62
18 58 28 73 9 88 78 89 49 78 50 75 64 34 94 21 85 98 99 36 44 37 81 85 50 10 50 17 65 16 42 60 66 74 54 7 24 4 79 88 85 91 87 12 63 16 4 44 33 34 81 52 67 83 33 95 17 64 41 33 88 52 82 20 3 48 49 58 29 28 93 32 59 75 19 95 35 25 35 85
72 7 66 83 28 17 48 14 12 71 22 49 82 21 74 4 30 84 34 79 99 14 14 46 4 11 53 9 55 54 44 5 54 39 3 2 79 79 37 0 67 87 79 93 14 55 68 5 69 34 4 52 4 66 59 45 19 57 77 93 88 43 25 36 52 40 59 35 4 47 55 54 98 56 80 33 57 47 73 38 21
34 11 7 85 21 88 71 36 82 68 95 6 51 75 53 96 25 55 81 66 90 32 96 74 11 17 70 19 0 17 33 19 72 56 76 77 42 25 62 55 50 81 99 21 83 30 13 40 21 54 21 38 6 46 54 69 62 47 3 19 59 84 72 70 48 22 45 41 38 73 39 96 78 85 45 76 22 86 81 47 98 24
61 75 87 22 83 41 34 30 8 14 24 98 80 94 55 78 8 45 93 74 42 87 72 71 58 44 53 86 38 13 75 14 64 78 52 24 32 5 16 0 77 72 2 50 37 43 35 27 16 61 62 7 47 9 26 52 65 56 75 4 15 62 95 95 54 15 90 8 25 21 90 71 83 48 50 6 2 9 37 65 22 8 98
91 9 9 50 50 3 9 45 67 71 19 52 76 28 5 97 38 18 97 34 95 1 11 43 1 85 89 41 81 68 7 80 80 89 6 9 64 26 83 31 42 29 62 5 20 13 90 72 46 43 42 98 55 99 13 97 74 92 69 56 26 36 93 60 44 39 98 36 75 20 10 83 79 26 1 14 47 13 91 71 68 95 78 12
31 50 65 1 6 32 11 12 81 22 75 0 8 79 41 70 90 76 17 64 28 18 83 59 38 32 31 59 71 11 19 2 84 97 8 59 22 12 26 95 21 28 53 85 24 28 65 2 10 55 76 52 94 68 76 80 16 83 24 75 41 67 44 46 69 0 85 6 92 26 86 15 50 40 2 50 96 44 43 66 53 16 69 15 61
94 84 93 30 33 70 96 40 39 1 66 59 79 70 19 29 92 27 70 21 57 47 28 48 49 48 68 38 43 58 70 89 50 35 38 75 82 3 58 50 78 94 44 57 3 16 97 69 15 98 38 25 16 4 14 32 63 67 10 78 28 16 1 42 89 46 55 7 35 53 80 37 89 8 79 23 51 6 57 76 79 85 25 27 59 64
1 84 92 40 83 88 0 38 11 92 18 11 72 99 86 84 51 78 44 1 78 78 87 46 75 66 43 46 33 2 8 56 64 27 3 79 6 97 22 41 45 43 15 88 97 38 66 10 6 77 75 7 23 62 12 5 6 34 13 64 88 46 35 36 45 19 63 48 77 80 70 41 86 42 46 36 46 57 48 49 73 6 62 5 73 1 57
15 54 98 35 7 37 8 58 7 72 34 17 68 99 77 92 81 19 55 96 43 3 23 62 25 14 93 60 67 4 61 74 51 12 72 50 19 95 52 75 30 18 10 28 97 16 17 45 30 87 20 57 85 49 57 19 24 82 66 58 13 27 2 59 42 3 66 30 52 88 16 49 45 63 65 58 69 44 43 48 44 95 43 60 55 10 89 43
20 68 17 28 19 44 27 77 43 32 42 14 51 15 70 80 95 34 84 49 23 78 11 90 26 62 86 79 23 59 26 70 21 13 5 66 86 30 40 67 43 19 97 83 98 23 90 93 65 55 31 62 87 80 86 33 21 69 70 84 71 60 85 49 36 76 36 63 76 49 89 89 94 11 95 93 83 54 67 99 66 75 10 5 93 81 56 27 45
19 23 0 62 70 45 99 97 51 76 17 39 61 12 72 55 89 20 76 93 83 89 78 28 38 37 26 53 85 59 75 45 77 21 19 76 39 11 89 68 38 51 38 22 6 26 90 28 52 92 16 88 58 17 31 49 11 72 92 76 36 62 98 26 22 0 84 33 20 45 65 4 86 27 31 61 72 37 37 58 49 91 40 36 15 18 64 53 87 43
21 29 58 58 54 63 47 96 61 93 66 82 93 98 58 13 23 60 87 4 41 0 31 57 29 26 86 4 32 45 37 65 27 91 55 65 69 58 44 5 20 73 47 71 64 74 83 65 28 0 19 96 16 84 6 34 47 60 7 68 64 37 10 44 42 20 99 51 11 25 4 26 89 7 49 83 95 15 97 51 48 79 76 68 8 71 76 97 42 12 42
82 1 5 65 98 20 96 70 90 14 28 11 25 50 69 94 95 9 2 91 19 8 47 70 97 81 20 91 36 58 53 75 92 20 84 3 44 51 73 85 73 32 32 78 80 33 38 0 66 58 74 65 29 87 15 38 13 97 96 71 93 78 31 14 81 61 35 35 63 64 16 74 25 0 17 89 45 44 74 89 12 66 52 41 80 27 99 14 27 22 79 37
29 27 74 63 14 98 45 6 17 99 6 6 36 55 3 35 2 17 86 67 14 26 40 64 10 94 99 75 5 51 76 48 41 49 11 98 57 9 71 87 11 12 10 5 62 95 33 61 68 8 68 25 27 60 74 88 38 5 20 29 99 40 32 61 3 96 52 15 37 41 81 35 5 38 28 72 6 14 88 78 55 7 26 26 75 87 69 85 79 16 0 21 13
66 83 75 12 39 31 98 19 78 19 38 99 3 64 25 52 72 23 79 83 84 54 60 79 96 62 82 98 27 21 33 28 80 16 31 52 7 23 40 22 45 16 31 0 33 6 77 21 71 68 39 28 84 30 86 51 37 28 36 87 97 38 70 16 10 76 73 74 84 68 27 51 73 97 38 42 69 46 73 16 45 88 23 50 79 97 31 98 73 16 82 95 71 11
73 7 96 23 60 80 22 14 56 73 90 73 88 32 34 97 35 1 41 98 98 44 65 52 1 0 24 58 65 52 69 56 52 55 63 92 17 81 41 69 39 16 92 97 25 77 78 62 8 73 59 12 73 12 37 89 75 49 95 29 48 75 95 89 41 0 54 40 3 60 24 37 97 93 76 69 0 6 67 40 1 3 96 19 19 12 1 1 61 6 89 6 8 63 93
6 34 21 65 11 42 59 52 35 44 55 93 8 90 96 18 89 60 84 87 10 97 94 3 69 63 27 6 53 93 98 34 28 53 98 81 24 16 68 93 62 65 87 39 63 10 77 86 73 51 39 12 34 34 96 63 64 73 55 74 21 90 71 3 54 8 72 77 0 62 28 23 6 29 16 95 2 17 42 61 66 29 97 44 35 95 83 63 6 3 22 18 24 39 89 56
84 29 38 37 94 43 68 49 35 26 3 16 76 66 7 93 97 21 12 54 92 52 91 37 59 21 77 57 63 49 18 33 82 90 1 2 64 56 66 20 29 34 70 10 30 34 52 87 91 17 15 70 35 8 20 35 99 95 31 39 5 92 56 41 8 1 80 46 4 44 19 44 64 23 4 73 72 20 69 47 59 55 59 92 45 68 82 66 67 33 52 69 24 11 92 93 14
65 39 75 18 8 90 77 21 3 78 74 89 57 38 57 85 5 27 13 97 99 41 81 85 67 53 53 80 30 35 65 37 69 51 32 99 51 93 31 35 52 26 64 42 40 26 20 1 38 64 19 97 53 25 75 71 9 69 54 51 83 91 61 59 67 24 66 47 15 67 5 98 44 20 59 35 74 3 9 23 6 92 85 33 27 50 79 60 91 29 41 79 11 69 49 70 82 4
80 58 32 44 32 46 62 47 64 67 39 63 92 68 96 74 84 91 33 95 38 68 65 16 24 52 64 49 40 1 54 1 78 75 3 51 36 27 93 47 25 75 73 96 29 22 14 95 26 37 6 30 56 19 51 62 30 40 66 74 63 48 66 83 48 87 12 5 29 13 83 1 61 31 19 92 60 71 71 38 34 91 7 37 32 22 89 8 35 0 60 74 66 68 0 57 35 29 74
31 54 72 51 28 53 10 43 4 52 42 47 56 32 3 51 93 32 95 92 78 79 7 91 64 9 35 35 51 58 78 69 91 65 89 73 24 71 97 18 44 22 31 86 0 85 83 99 90 30 0 2 6 15 47 11 99 99 47 63 42 13 98 26 90 12 23 76 26 21 56 23 80 54 46 52 66 40 7 71 77 35 76 48 14 78 29 70 73 54 39 52 37 25 37 25 64 4 18 6
